country_num	wevent	wpart_all	lpopw_part_all	duration	election_number	pm_t_vote	pm_t1_vote	day_t1	month_t1	year_t1	day_t	month_t	year_t	imf	bailout	crisis_election	east	coalition_government	unemployment_change	debt_change	gdp_change	swing	switzerland	pm_vote_change	country_iso	react_wevent	react_lpopw_part_all
1	13.0	44584.5	14145.895790100098	35.0	-1	26.9	42.3	24	11	2002	3	10	1999	0	0	0	0	0	0.1	1.8	10.67054	-1.4	0	15.4	"AT"	21.0	858075.8
1	21.0	2704451.0	858075.8207845688	46.0	0	42.3	34.3	1	10	2006	24	11	2002	0	0	0	0	0	0.5	-2.0	28.21168	15.39	0	-8.0	"AT"	2.0	1142.2181
1	2.0	3600.0	1142.2181701660156	24.0	1	35.3	29.3	29	9	2008	1	10	2006	0	0	0	0	0	-0.8	-4.0	9.153	-1.209999	0	-6.0	"AT"	20.0	3100.6465
1	20.0	9772.5	3100.6464014053345	60.0	2	29.3	26.8	29	9	2013	29	9	2008	0	0	1	0	0	1.0	14.2	10.72444	-6.0	0	-2.5	"AT"		
2	102.0	242149.0	70523.08227825165	41.0	-1	24.4	26.76	18	5	2003	13	6	1999	0	0	0	0	0	-0.5	-13.8	15.60636	0.8999996	0	2.360001	"BE"	35.0	129567.88
2	35.0	444886.0	129567.87934875488	49.0	0	26.76	24.3	10	6	2007	18	5	2003	0	0	0	0	0	0.0	-15.5	21.60293	2.360001	0	-2.460001	"BE"	64.0	80906.31
2	64.0	277801.0	80906.31301650405	36.0	1	24.6	16.4	13	6	2010	10	6	2007	0	0	1	0	0	0.9	8.7	5.948514	5.880001	0	-8.200001	"BE"	64.0	393783.4
2	64.0	1352100.0	393783.40888786316	47.0	2	22.9	20.5	25	5	2014	13	6	2010	0	0	1	0	0	0.1	4.9	7.5609	1.699999	0	-2.4	"BE"		
3	11.0	129500.0	43748.59864807129	18.0	-1	52.3	18.2	17	6	2001	19	4	1997	0	0	0	1	0	8.6	-42.3	73.93001	29.8	0	-34.1	"BG"	21.0	388248.53
3	21.0	1149252.5	388248.52406430244	49.0	0	42.74	19.9	11	7	2005	17	6	2001	1	1	0	1	0	-9.9	-38.5	49.53288	42.74	0	-22.84	"BG"	55.0	94701.35
3	55.0	280325.0	94701.35435342789	48.0	1	31.0	17.8	14	7	2009	11	7	2005	1	1	1	1	0	-3.7	-12.9	50.21113	13.85	0	-13.2	"BG"	47.0	15138.703
3	47.0	44812.0	15138.70357081294	46.0	2	39.9	30.5	12	5	2013	14	7	2009	0	0	1	1	1	7.4	4.3	14.33467	39.9	0	-9.400002	"BG"	3.0	692.2075
3	3.0	2049.0	692.2075157165527	17.0	3	26.6	15.4	5	10	2014	12	5	2013	0	0	1	1	1	-2.4	9.9	2.002061472	8.8	0	-11.2	"BG"		
4	41.0	114215.0	36511.04136887193	46.0	-1	38.4	31.7	19	10	2003	24	10	1999	0	0	0	0	0	1.2	3.6	15.34998	7.180004	1	-6.7	"CH"	9.0	898.27106
4	9.0	2810.0	898.2710380554199	48.0	0	31.7	30.2	21	10	2007	19	10	2003	0	0	0	0	0	-0.5	-9.9	11.14783	0.8700008	1	-1.5	"CH"	13.0	4658.862
4	13.0	14574.0	4658.862020730972	48.0	1	30.2	27.5	23	10	2011	21	10	2007	0	0	1	0	0	0.6	-2.9	44.18846	-3.060189	1	-2.7	"CH"	11.0	94705.26
4	11.0	296260.0	94705.2595565319	48.0	2	27.4	28.0	18	10	2015	23	10	2011	0	0	1	0	1	0.7	1.3	5.409647145	-4.3	1	0.6	"CH"		
5	10.0	99875.0	84473.63383483887	17.0	-1	34.5	34.0	27	5	2001	26	5	1996	0	0	0	0	0	0.9	9.4	46.79155	-1.299999	0	-0.5	"CY"	17.0	39109.496
5	17.0	46240.0	39109.496322631836	60.0	0	14.84	17.9	21	5	2006	27	5	2001	0	0	0	0	0	2.1	8.2	36.85679	-1.59	0	3.059999	"CY"	6.0	7848.965
5	6.0	9280.0	7848.964782714844	60.0	1	31.1	32.7	22	5	2011	21	5	2006	0	0	1	0	0	1.6	2.1	21.8636	-3.609999	0	1.6	"CY"		
6	48.0	380176.5	113438.94620841742	29.0	-1	32.3	30.21	15	6	2002	19	6	1998	0	0	0	1	1	1.8	12.6	45.74619	5.9	0	-2.09	"CZ"	83.0	207915.98
6	83.0	696804.5	207915.98498535156	48.0	0	30.21	32.3	2	6	2006	15	6	2002	0	0	0	1	0	0.9	1.3	41.91972	-2.100002	0	2.09	"CZ"	78.0	457774.9
6	78.0	1534175.5	457774.9044351578	48.0	1	35.4	20.2	28	5	2010	2	6	2006	0	0	1	1	0	0.2	10.0	26.74866	10.92	0	-15.2	"CZ"	132.0	366642.3
6	132.0	1228756.0	366642.3102245331	41.0	2	20.2	7.7	26	10	2013	28	5	2010	0	0	1	1	0	-1.2	7.8	-0.2940708	-15.2	0	-12.5	"CZ"		
7	81.0	177001.0	32879.79391479492	33.0	-1	40.9	38.52	22	9	2002	27	9	1998	0	0	0	0	0	-1.3	-0.7	9.542149	4.5	0	-2.380001	"DE"	88.0	63456.527
7	88.0	341604.0	63456.52917480469	36.0	0	38.52	34.3	16	9	2005	22	9	2002	0	0	0	0	0	2.8	7.1	4.324172	-2.41	0	-4.220001	"DE"	127.0	156962.05
7	127.0	844970.0	156962.04754638672	48.0	1	35.2	33.8	27	9	2009	16	9	2005	0	0	1	0	0	-3.5	0.6	6.7344	-3.309998	0	-1.400002	"DE"	90.0	150687.42
7	90.0	811192.0	150687.42626953125	48.0	2	33.8	41.5	22	9	2013	27	9	2009	0	0	1	0	0	-2.6	14.2	15.30621	-1.400002	0	7.700001	"DE"		
8	17.0	30200.0	11020.022827148438	39.0	-1	31.3	29.03	8	2	2005	20	11	2001	0	0	0	0	1	0.4	-7.3	15.70129	7.299999	0	-2.269999	"DK"	22.0	43126.242
8	22.0	118186.0	43126.24203491211	33.0	0	29.03	26.2	13	11	2007	8	2	2005	0	0	0	0	1	-1.8	-13.0	9.725274	-2.219999	0	-2.83	"DK"	2.0	27.732508
8	2.0	76.0	27.732507705688477	46.0	1	26.2	26.7	15	9	2011	13	11	2007	0	0	1	0	1	3.5	14.3	5.69286	-2.83	0	0.5	"DK"	14.0	5926.7285
8	14.0	16242.0	5926.7287521362305	45.0	2	24.9	26.28	18	6	2015	15	9	2011	0	0	1	0	1	-1.4	-6.2	8.169876871	-0.6	0	1.38	"DK"		
9	13.0	13508.0	10700.556287765503	38.0	-1	15.9	17.7	2	3	2003	7	3	1999	0	0	0	1	0	0.8	-0.3	62.80676	8.200001	0	1.8	"EE"	12.0	34128.816
9	12.0	43083.0	34128.817932128906	48.0	0	17.7	27.8	4	3	2007	2	3	2003	0	0	0	1	0	-5.2	-1.3	84.21939	17.6	0	10.1	"EE"	18.0	15751.396
9	18.0	19884.0	15751.396301269531	48.0	1	27.8	28.6	6	3	2011	4	3	2007	0	0	1	1	0	8.1	2.3	0.785252	10.11	0	0.8000011	"EE"	15.0	39138.86
9	15.0	49407.5	39138.860916137695	48.0	2	28.6	27.7	1	3	2015	6	3	2011	0	0	1	1	1	-7.7	3.8	22.75852552	0.8	0	-0.9	"EE"		
10	275.0	2401400.0	497100.5958561897	48.0	-1	44.5	38.31	14	3	2004	12	3	2000	0	0	0	0	1	-3.4	-10.6	33.55844	5.700001	0	-6.189999	"ES"	34.0	14024.555
10	34.0	67750.0	14024.554381847382	48.0	0	43.27	43.9	9	3	2008	14	3	2004	0	0	0	0	1	-2.9	-12.5	29.29939	9.07	0	0.6300011	"ES"	495.0	368816.8
10	495.0	1781685.0	368816.7991614938	45.0	1	43.9	28.7	4	12	2011	9	3	2008	0	0	1	0	1	13.0	25.4	-3.811496	0.6300011	0	-15.2	"ES"	468.0	528960.7
10	468.0	2555310.0	528960.6579412818	49.0	2	44.6	28.71	20	12	2015	4	12	2011	0	1	1	0	0	-1.7	29.7	1.006807653	4.7	0	-15.89	"ES"		
11	5.0	7575.0	2800.6304416656494	38.0	-1	22.9	24.47	16	3	2003	21	3	1999	0	0	0	0	0	-2.6	-6.9	18.97466	-5.4	0	1.57	"FI"	2.0	2033.4609
11	2.0	5500.0	2033.4609985351562	48.0	0	24.69	23.1	18	3	2007	16	3	2003	0	0	0	0	0	-3.7	-1.9	23.56817	2.290001	0	-1.59	"FI"	10.0	6101.492
11	10.0	16503.0	6101.492278218269	49.0	1	23.1	15.8	17	4	2011	18	3	2007	0	0	1	0	0	1.9	9.2	4.956904	-1.59	0	-7.3	"FI"	1.0	924.3005
11	1.0	2500.0	924.3004760742188	48.0	2	20.4	18.2	19	4	2015	17	4	2011	0	0	1	0	1	1.9	14.6	5.257811032	-1.9	0	-2.2	"FI"		
12	402.0	867156.0	167736.18181300163	29.0	-1	23.82	23.78	9	6	2002	25	5	1997	0	0	0	0	0	-2.84	-1.1	22.9718	1.35	0	-0.04	"FR"	811.0	1579239.9
12	811.0	8164293.0	1579239.8820548058	60.0	0	33.3	39.5	10	6	2007	9	6	2002	0	0	0	0	1	0.1	6.8	22.28652	16.3	0	6.2	"FR"	1043.0	1780404.5
12	1043.0	9204266.0	1780404.477007866	60.0	1	39.5	27.1	10	6	2012	10	6	2007	0	0	1	0	1	1.2	22.5	7.711747	7.549999	0	-12.4	"FR"		
13	124.0	1680426.0	495881.8822979927	47.0	-1	43.8	40.55	7	3	2004	8	4	2000	0	0	0	0	1	-1.4	-4.8	34.31905	2.299999	0	-3.25	"GR"	302.0	562821.3
13	302.0	1907268.0	562821.3339316845	42.0	0	45.36	41.8	16	9	2007	7	3	2004	0	0	0	0	1	-3.5	7.5	20.45415	2.619999	0	-3.560001	"GR"	370.0	620614.75
13	370.0	2103116.0	620614.7191480398	25.0	1	41.8	33.5	4	10	2009	16	9	2007	0	0	1	0	1	1.4	23.6	3.549519	-3.560001	0	-8.299999	"GR"	1043.0	1448337.1
13	1043.0	4908071.0	1448337.1558072567	31.0	2	43.9	13.18	6	5	2012	4	10	2009	1	1	1	0	0	13.4	40.6	-16.32941	5.800003	0	-30.72	"GR"	2.0	14.754647
13	498.0	2199002.0	648909.9796686172	31.0	4	29.7	27.81	25	1	2015	17	6	2012	1	1	1	0	1	2.9	17.3	-7.939796207	10.8	0	-1.89	"GR"	18.0	8914.758
13	18.0	30210.0	8914.757849693298	8.0	5	36.34	35.46	20	9	2015	25	1	2015	1	1	1	0	1	-2.6	0.0	0.0	9.44	0	-0.88	"GR"		
14	6.0	1166.0	355.22977316379547	27.0	-1	29.4	41.1	7	4	2002	10	5	1998	0	0	0	1	0	-3.1	-7.0	64.881	13.5	0	11.7	"HU"	64.0	10485.067
14	64.0	34416.0	10485.067161560059	48.0	0	42.05	43.2	9	4	2006	7	4	2002	0	0	0	1	0	2.1	10.0	27.14659	9.799999	0	1.150002	"HU"	175.0	56245.73
14	175.0	184620.0	56245.73144054413	48.0	1	43.2	19.3	11	4	2010	9	4	2006	1	1	1	1	0	4.2	16.3	7.426174	1.150002	0	-23.9	"HU"	39.0	9756.328
14	39.0	32024.0	9756.327991485596	48.0	2	52.7	45.0	6	4	2014	11	4	2010	1	1	1	1	1	-3.6	-3.0	1.771557	10.7	0	-7.700001	"HU"		
15	88.0	45962.0	18041.55865097046	28.0	-1	39.3	41.48	17	5	2002	6	6	1997	0	0	0	0	0	-5.9	-37.6	82.25931	0.2000008	0	2.18	"IE"	64.0	104275.36
15	64.0	265648.0	104275.35880088806	60.0	0	41.48	41.56	24	5	2007	17	5	2002	0	0	0	0	0	0.1	-9.9	45.08791	2.149998	0	0.0800018	"IE"	46.0	5027.3545
15	46.0	12807.5	5027.354507446289	45.0	1	41.56	17.4	25	2	2011	24	5	2007	1	1	1	0	0	10.2	79.5	-14.2654	0.0800018	0	-24.16	"IE"		
16	0.0		0.0	40.0	-1	40.7	33.68	10	5	2003	8	5	1999	0	0	0	0	0	1.7	-0.6	18.52133	3.600002	0	-7.02	"IS"	0.0	0.0
16	0.0		0.0	48.0	0	33.68	36.6	12	5	2007	10	5	2003	0	0	0	0	0	-2.2	-11.1	53.76155	-7.02	0	2.919998	"IS"	11.0	58964.35
16	11.0	67809.0	58964.349860191345	23.0	1	36.6	23.7	25	4	2009	12	5	2007	1	1	1	0	0	5.4	65.1	-41.90284	2.919998	0	-12.9	"IS"	11.0	165976.53
16	11.0	190873.0	165976.52871704102	48.0	2	29.8	12.58	27	4	2013	25	4	2009	1	1	1	0	0	-2.4	3.4	26.80023	3.0	0	-17.22	"IS"		
17	480.0	6497450.0	1276260.5975102186	59.0	-1	29.4	23.7	4	4	2006	13	5	2001	0	0	0	0	0	-2.0	-2.9	18.89674	5.100002	0	-5.7	"IT"	353.0	686858.4
17	353.0	3496800.0	686858.389629364	24.0	0	31.3	33.2	13	4	2008	4	4	2006	0	0	0	0	0	0.5	0.4	5.499726	0.2099991	0	1.900002	"IT"	790.0	604650.25
17	790.0	3078278.0	604650.2709770203	58.0	1	37.4	21.57	24	2	2013	13	4	2008	0	0	1	0	0	4.6	20.9	-0.9599202	0.7000008	0	-15.83	"IT"		
18	14.0	15017.0	7273.174296289682	48.0	-1	50.7	20.7	10	10	2004	8	10	2000	0	0	0	1	1	-6.8	-2.6	46.55283	33.7	0	-30.0	"LT"	39.0	66597.47
18	39.0	137504.5	66597.4687333107	48.0	0	20.7	15.3	12	10	2008	10	10	2004	0	0	0	1	0	-4.7	-4.2	77.66322	-10.38	0	-5.400001	"LT"	24.0	30667.736
18	24.0	63320.0	30667.7367272377	49.0	1	19.7	15.1	28	10	2012	12	10	2008	0	0	1	1	0	7.8	21.5	1.621198	4.900001	0	-4.6	"LT"		
19	3.0	2500.0	2173.913040161133	53.0	0	30.1	36.1	13	6	2004	13	6	1999	0	0	0	0	0	2.7	-0.9	38.01887	-1.299999	0	5.999998	"LU"	0.0	0.0
19	0.0		0.0	60.0	1	36.1	38.0	7	6	2009	13	6	2004	0	0	1	0	0	0.7	8.2	29.62597	5.999998	0	1.900002	"LU"	6.0	3826.0872
19	6.0	4400.0	3826.0870819091797	52.0	2	38.0	33.7	20	10	2013	7	6	2009	0	0	1	0	0	-0.2	7.3	27.83681	1.900002	0	-4.299999	"LU"		
20	31.0	40805.0	24100.089553833008	33.0	-1	21.2	16.7	5	10	2002	3	10	1998	0	0	0	1	0	-4.0	2.5	58.78736	32.2	0	-4.5	"LV"	5.0	1476.5403
20	5.0	2500.0	1476.5402221679688	44.0	0	16.7	19.6	7	6	2006	5	10	2002	0	0	0	1	0	-3.7	-1.1	62.82144	-15.75	0	2.9	"LV"	133.0	145811.31
20	133.0	246880.0	145811.3083024025	52.0	1	28.2	7.7	2	10	2010	7	6	2006	1	1	1	1	0	10.3	24.4	12.87081	-2.049999	0	-20.5	"LV"	12.0	3543.6965
20	12.0	6000.0	3543.696533203125	11.0	2	31.2	18.8	17	9	2011	2	10	2010	1	1	1	1	0	-0.7	7.6	12.04286	11.6	0	-12.4	"LV"	36.0	44227.695
20	36.0	74884.0	44227.6969370842	37.0	3	18.8	21.9	4	10	2014	17	9	2011	1	1	1	1	1	-4.9	-2.0	17.06049384	-12.4	0	3.1	"LV"		
21	0.0		0.0	39.0	-1	51.8	51.8	12	4	2003	5	9	1998	0	0	0	0	1	1.1	19.3	32.2851	4.0	0	0.0	"MT"	0.0	0.0
21	0.0		0.0	59.0	0	51.8	49.3	8	3	2008	12	4	2003	0	0	0	0	1	-0.2	-5.1	28.52648	0.0	0	-2.5	"MT"	6.0	65.21739
21	6.0	75.0	65.21739196777344	60.0	1	49.3	43.34	9	3	2013	8	3	2008	0	0	1	0	1	-0.8	9.9	21.78419	-2.5	0	-5.959999	"MT"		
22	25.0	30920.0	8066.339688301086	20.0	-1	13.7	12.41	9	9	2001	15	9	1997	0	0	0	0	0	-0.33	1.5	36.81492	5.8	0	-1.29	"N0"	18.0	77480.945
22	18.0	297001.0	77480.94787597656	48.0	0	12.41	6.8	11	9	2005	9	9	2001	0	0	0	0	0	1.0	16.4	28.08323	-1.25	0	-5.61	"N0"	32.0	176506.22
22	32.0	676586.0	176506.22330856323	48.0	1	32.7	35.4	13	9	2009	11	9	2005	0	0	1	0	0	-1.3	2.6	11.60212	8.41	0	2.700001	"N0"	9.0	8230.953
22	9.0	31551.0	8230.953567624092	48.0	2	35.4	30.8	8	9	2013	13	9	2009	0	0	1	0	0	0.2	-19.1	41.32055	2.700001	0	-4.600002	"N0"		
23	0.0		0.0	8.0	-1	27.9	28.62	22	1	2003	15	5	2002	0	0	0	0	0	0.1	-0.2	2.521635	9.5	0	0.7200012	"NL"	3.0	8096.8413
23	3.0	21600.0	8096.841247558594	46.0	0	28.62	26.5	22	11	2006	22	1	2003	0	0	0	0	0	-0.1	1.3	13.26589	0.6900005	0	-2.120001	"NL"	4.0	35985.96
23	4.0	96000.0	35985.9609375	43.0	1	26.5	13.6	9	6	2010	22	11	2006	0	0	1	0	0	1.3	9.0	8.621181	-2.120001	0	-12.9	"NL"	0.0	0.0
23	0.0		0.0	27.0	2	20.5	26.58	12	9	2012	9	6	2010	0	0	1	0	0	0.2	4.9	2.138588	5.8	0	6.08	"NL"		
24	328.0	327624.0	70407.53275084496	48.0	-1	41.0	11.31	25	9	2005	23	9	2001	0	0	0	1	0	0.2	8.9	15.13294	13.9	0	-29.69	"PL"	208.0	26249.168
24	208.0	122144.0	26249.168661117554	25.0	0	26.99	32.1	21	10	2007	25	9	2005	0	0	0	1	0	-8.5	2.0	27.24064	17.49	0	5.109999	"PL"	201.0	83794.3
24	201.0	389916.0	83794.29872369766	48.0	1	41.5	39.2	9	10	2011	21	10	2007	0	0	1	1	0	0.4	7.2	19.24392	17.36	0	-2.299999	"PL"	57.0	325945.06
24	57.0	1516704.5	325945.0534286499	49.0	2	39.2	24.1	25	10	2015	9	10	2011	0	0	1	1	1	-2.9	-3.1	12.51009727	-2.3	0	-15.1	"PL"		
25	6.0	20048.0	6016.546741485596	26.0	-1	44.1	37.9	17	3	2002	10	10	1999	0	0	0	0	1	-0.2	5.0	18.46042	0.2999992	0	-6.309998	"PT"	45.0	494873.88
25	45.0	1648991.0	494873.85998535156	42.0	0	40.1	28.7	25	9	2005	17	3	2002	0	0	0	0	0	3.5	5.1	9.747612	7.91	0	-11.41	"PT"	66.0	235562.44
25	66.0	784928.0	235562.4397392273	48.0	1	45.1	36.6	27	9	2009	25	9	2005	0	0	1	0	1	2.2	9.8	9.243936	7.209999	0	-7.299999	"PT"	70.0	461357.6
25	70.0	1537310.0	461357.59787249565	20.0	2	36.6	28.1	5	6	2011	27	9	2009	1	1	1	0	1	2.3	36.5	1.540979	-7.299999	0	-8.429167	"PT"	248.0	572374.4
25	248.0	1907234.0	572374.4055519104	52.0	3	50.4	38.86	4	10	2015	5	6	2011	1	1	1	0	1	0.1	17.6	1.817881483	10.9	0	-11.54	"PT"		
26	49.0	131286.0	33108.941693246365	11.0	-1	30.2	5.04	26	11	2000	3	11	1996	0	0	0	1	0	-0.72	15.1	40.05568	10.2	0	-25.16	"RO"	51.0	179328.12
26	51.0	711085.0	179328.12467458844	48.0	0	36.61	36.8	28	11	2004	26	11	2000	1	1	0	1	0	0.9	-0.2	50.21389	15.09	0	0.1899986	"RO"	28.0	427713.28
26	28.0	1696000.0	427713.28147888184	48.0	1	31.33	18.7	30	11	2008	28	11	2004	1	1	1	1	0	-2.3	-8.7	128.8839	43.96	0	-12.63	"RO"	43.0	403498.06
26	43.0	1599980.0	403498.05448532104	48.0	2	33.6	16.51	9	12	2012	30	11	2008	1	1	1	1	0	1.3	21.9	-5.857315	33.6	0	-17.09	"RO"		
27	28.0	10969.0	3331.4757862091064	32.0	-1	36.6	39.85	15	9	2002	20	9	1998	0	0	0	0	1	-3.9	-16.5	17.44216	-8.800003	0	3.25	"SE"	18.0	41644.508
27	18.0	137116.0	41644.50953102112	48.0	0	39.85	35.2	17	9	2006	15	9	2002	0	0	0	0	1	3.1	-4.3	19.28134	3.449997	0	-4.649998	"SE"	24.0	90365.03
27	24.0	297530.0	90365.03013801575	48.0	1	26.1	30.1	19	9	2010	17	9	2006	0	0	1	0	0	1.5	-7.8	9.986548	10.84	0	4.0	"SE"	3.0	433.10095
27	3.0	1426.0	433.1009668111801	48.0	2	30.1	23.33	14	9	2014	19	9	2010	0	0	1	0	1	0.0	7.2	16.68100877	3.9	0	-6.77	"SE"		
28	5.0	165000.0	94722.12524414062	48.0	-1	36.3	22.8	3	10	2004	15	10	2000	0	0	0	1	0	-0.5	3.1	26.4431	9.299999	0	-13.5	"SI"	16.0	278750.56
28	16.0	485566.0	278750.5640821457	48.0	0	29.1	29.6	21	9	2008	3	10	2004	0	0	0	1	0	-1.9	-4.1	36.78964	13.3	0	0.5	"SI"	10.0	243407.16
28	10.0	424000.0	243407.158203125	38.0	1	30.5	10.5	4	12	2011	21	9	2008	0	0	1	1	0	3.8	15.6	-2.938424	20.3	0	-20.0	"SI"	13.0	262798.78
28	13.0	457779.0	262798.7840528488	31.0	2	28.51	3.0	13	7	2014	4	12	2011	0	0	1	1	0	1.3	33.0	-2.420751	28.51	0	-25.51	"SI"		
29	40.0	286459.0	106633.08048605919	33.0	-1	26.3	8.25	21	9	2002	26	9	1998	0	0	0	1	0	6.5	15.2	30.24728	16.2	0	-18.05	"SK"	52.0	254513.39
29	52.0	683724.5	254513.38620495796	45.0	0	15.09	18.4	17	6	2006	21	9	2002	0	0	0	1	0	-3.4	-14.7	71.34689	15.09	0	3.309999	"SK"	10.0	102200.01
29	10.0	274550.0	102200.00821685791	48.0	1	29.1	34.8	12	6	2010	17	6	2006	0	0	1	1	0	0.2	1.4	48.07749	15.64	0	5.699999	"SK"	12.0	9589.045
29	12.0	25760.0	9589.044514894485	21.0	2	15.4	6.1	10	3	2012	12	6	2010	0	0	1	1	0	-1.2	8.0	7.889585	-3.0	0	-9.299999	"SK"		
30	158.0	128247.0	24904.92395454645	17.0	-1	43.2	40.68	7	6	2001	1	5	1997	0	0	0	0	1	-1.834	-10.8	35.85992	8.799999	0	-2.52	"UK"	125.0	387347.12
30	125.0	1994630.0	387347.1388347298	47.0	0	40.68	35.2	5	5	2005	7	6	2001	0	0	0	0	1	0.0	-0.2	12.54005	-2.52	0	-5.48	"UK"	561.0	1204043.5
30	561.0	6200178.0	1204043.4684984386	60.0	1	35.2	29.0	6	5	2010	5	5	2005	0	0	1	0	1	3.4	26.8	-7.247503	-5.48	0	-6.200001	"UK"	466.0	1270021.6
30	466.0	6539930.0	1270021.6014536023	60.0	2	36.1	36.8	7	5	2015	6	5	2010	0	0	1	0	1	-2.2	12.6	41.66969608	3.8	0	0.7	"UK"		
